0
1899
1450
1090
753
515
354
217
127
68
45
26
17
12
8
7
3
1
1
0
0
0
0
0
0
0
1813
1427
1099
787
528
351
205
119
68
35
19
11
8
7
5
3
2
1
1
1
0
0
0
0
0
18
13
9
4
1
1
1
0
0
0
0
0
0
0
0
0
0
0
0
0
0
0
0
0
0
17
9
7
3
2
1
1
1
0
0
0
0
0
0
0
0
0
0
0
0
0
0
0
0
0
1870
1447
1114
806
557
370
243
148
91
52
29
12
10
7
4
1
0
0
0
0
0
0
0
0
0
1726
1364
1028
723
504
321
203
110
61
39
27
18
9
6
3
1
1
0
0
0
0
0
0
0
0
1745
1348
1021
729
498
330
206
110
48
24
14
10
5
2
1
0
0
0
0
0
0
0
0
0
0
162
134
104
72
53
34
18
13
9
5
4
3
3
1
0
0
0
0
0
0
0
0
0
0
0
1667
1285
969
699
490
321
203
106
67
38
30
18
12
7
4
3
2
1
0
0
0
0
0
0
0
1805
1394
1076
747
514
332
201
114
68
41
23
15
11
7
3
1
1
0
0
0
0
0
0
0
